{
 "cells": [
  {
   "cell_type": "code",
   "execution_count": null,
   "metadata": {},
   "outputs": [],
   "source": []
  },
  {
   "cell_type": "code",
   "execution_count": null,
   "metadata": {},
   "outputs": [],
   "source": [
    "{'annos': {'alpha': array([ -1.57,   1.85,  -1.65, -10.  , -10.  , -10.  , -10.  ]),\n",
    "   'bbox': array([[599.41, 156.4 , 629.75, 189.25],\n",
    "          [387.63, 181.54, 423.81, 203.12],\n",
    "          [676.6 , 163.95, 688.98, 193.93],\n",
    "          [503.89, 169.71, 590.61, 190.13],\n",
    "          [511.35, 174.96, 527.81, 187.45],\n",
    "          [532.37, 176.35, 542.68, 185.27],\n",
    "          [559.62, 175.83, 575.4 , 183.15]]),\n",
    "   'difficulty': array([ 1, -1, -1, -1, -1, -1, -1], dtype=int32),\n",
    "   'dimensions': array([[12.34,  2.85,  2.63],\n",
    "          [ 3.69,  1.67,  1.87],\n",
    "          [ 2.02,  1.86,  0.6 ],\n",
    "          [-1.  , -1.  , -1.  ],\n",
    "          [-1.  , -1.  , -1.  ],\n",
    "          [-1.  , -1.  , -1.  ],\n",
    "          [-1.  , -1.  , -1.  ]]),\n",
    "   'group_ids': array([0, 1, 2, 3, 4, 5, 6], dtype=int32),\n",
    "   'index': array([ 0,  1,  2, -1, -1, -1, -1], dtype=int32),\n",
    "   'location': array([[ 4.700e-01,  1.490e+00,  6.944e+01],\n",
    "          [-1.653e+01,  2.390e+00,  5.849e+01],\n",
    "          [ 4.590e+00,  1.320e+00,  4.584e+01],\n",
    "          [-1.000e+03, -1.000e+03, -1.000e+03],\n",
    "          [-1.000e+03, -1.000e+03, -1.000e+03],\n",
    "          [-1.000e+03, -1.000e+03, -1.000e+03],\n",
    "          [-1.000e+03, -1.000e+03, -1.000e+03]]),\n",
    "   'name': array(['Truck', 'Car', 'Cyclist', 'DontCare', 'DontCare', 'DontCare',\n",
    "          'DontCare'], dtype='<U8'),\n",
    "   'num_points_in_gt': array([71,  9, 18, -1, -1, -1, -1], dtype=int32),\n",
    "   'occluded': array([ 0,  0,  3, -1, -1, -1, -1]),\n",
    "   'rotation_y': array([ -1.56,   1.57,  -1.55, -10.  , -10.  , -10.  , -10.  ]),\n",
    "   'score': array([0., 0., 0., 0., 0., 0., 0.]),\n",
    "   'truncated': array([ 0.,  0.,  0., -1., -1., -1., -1.])},\n",
    "  'calib': {'P0': array([[721.5377,   0.    , 609.5593,   0.    ],\n",
    "          [  0.    , 721.5377, 172.854 ,   0.    ],\n",
    "          [  0.    ,   0.    ,   1.    ,   0.    ],\n",
    "          [  0.    ,   0.    ,   0.    ,   1.    ]]),\n",
    "   'P1': array([[ 721.5377,    0.    ,  609.5593, -387.5744],\n",
    "          [   0.    ,  721.5377,  172.854 ,    0.    ],\n",
    "          [   0.    ,    0.    ,    1.    ,    0.    ],\n",
    "          [   0.    ,    0.    ,    0.    ,    1.    ]]),\n",
    "   'P2': array([[7.215377e+02, 0.000000e+00, 6.095593e+02, 4.485728e+01],\n",
    "          [0.000000e+00, 7.215377e+02, 1.728540e+02, 2.163791e-01],\n",
    "          [0.000000e+00, 0.000000e+00, 1.000000e+00, 2.745884e-03],\n",
    "          [0.000000e+00, 0.000000e+00, 0.000000e+00, 1.000000e+00]]),\n",
    "   'P3': array([[ 7.215377e+02,  0.000000e+00,  6.095593e+02, -3.395242e+02],\n",
    "          [ 0.000000e+00,  7.215377e+02,  1.728540e+02,  2.199936e+00],\n",
    "          [ 0.000000e+00,  0.000000e+00,  1.000000e+00,  2.729905e-03],\n",
    "          [ 0.000000e+00,  0.000000e+00,  0.000000e+00,  1.000000e+00]]),\n",
    "   'R0_rect': array([[ 0.9999239 ,  0.00983776, -0.00744505,  0.        ],\n",
    "          [-0.0098698 ,  0.9999421 , -0.00427846,  0.        ],\n",
    "          [ 0.00740253,  0.00435161,  0.9999631 ,  0.        ],\n",
    "          [ 0.        ,  0.        ,  0.        ,  1.        ]]),\n",
    "   'Tr_imu_to_velo': array([[ 9.999976e-01,  7.553071e-04, -2.035826e-03, -8.086759e-01],\n",
    "          [-7.854027e-04,  9.998898e-01, -1.482298e-02,  3.195559e-01],\n",
    "          [ 2.024406e-03,  1.482454e-02,  9.998881e-01, -7.997231e-01],\n",
    "          [ 0.000000e+00,  0.000000e+00,  0.000000e+00,  1.000000e+00]]),\n",
    "   'Tr_velo_to_cam': array([[ 7.533745e-03, -9.999714e-01, -6.166020e-04, -4.069766e-03],\n",
    "          [ 1.480249e-02,  7.280733e-04, -9.998902e-01, -7.631618e-02],\n",
    "          [ 9.998621e-01,  7.523790e-03,  1.480755e-02, -2.717806e-01],\n",
    "          [ 0.000000e+00,  0.000000e+00,  0.000000e+00,  1.000000e+00]])},\n",
    "  'image': {'image_idx': 1,\n",
    "   'image_path': 'training/image_2/000001.png',\n",
    "   'image_shape': array([ 375, 1242], dtype=int32)},\n",
    "  'point_cloud': {'num_features': 4,\n",
    "   'velodyne_path': 'training/velodyne/000001.bin'}}"
   ]
  }
 ],
 "metadata": {
  "language_info": {
   "name": "python"
  },
  "orig_nbformat": 4
 },
 "nbformat": 4,
 "nbformat_minor": 2
}
